EXPORTER_V8
ANIMATION_EXPORT
ANIMATION_COUNT = 43
ANI_RANGE = 0f 32f
KEY_POS = 33
FRAME_POS 0f 0.0 26.1804 0.66735 
FRAME_POS 1f -0.0445566 26.0598 0.66735 
FRAME_POS 2f -0.0953888 25.923 0.66735 
FRAME_POS 3f -0.148731 25.8186 0.66735 
FRAME_POS 4f -0.200819 25.7954 0.66735 
FRAME_POS 5f -0.247885 25.8515 0.66735 
FRAME_POS 6f -0.286167 25.9443 0.66735 
FRAME_POS 7f -0.311896 26.0615 0.66735 
FRAME_POS 8f -0.32131 26.1909 0.66735 
FRAME_POS 9f -0.311894 26.3201 0.66735 
FRAME_POS 10f -0.286159 26.4368 0.66735 
FRAME_POS 11f -0.247872 26.5286 0.66735 
FRAME_POS 12f -0.200799 26.5834 0.66735 
FRAME_POS 13f -0.148709 26.5569 0.66735 
FRAME_POS 14f -0.095367 26.4472 0.66735 
FRAME_POS 15f -0.0445418 26.3047 0.66735 
FRAME_POS 16f 0.0 26.1804 0.66735 
FRAME_POS 17f 0.0445285 26.0585 0.66735 
FRAME_POS 18f 0.0953187 25.9218 0.66735 
FRAME_POS 19f 0.148611 25.8182 0.66735 
FRAME_POS 20f 0.200644 25.7954 0.66735 
FRAME_POS 21f 0.24766 25.8515 0.66735 
FRAME_POS 22f 0.285898 25.9443 0.66735 
FRAME_POS 23f 0.311598 26.0615 0.66735 
FRAME_POS 24f 0.321 26.1909 0.66735 
FRAME_POS 25f 0.311596 26.3201 0.66735 
FRAME_POS 26f 0.285891 26.4368 0.66735 
FRAME_POS 27f 0.247646 26.5286 0.66735 
FRAME_POS 28f 0.200625 26.5834 0.66735 
FRAME_POS 29f 0.148588 26.5574 0.66735 
FRAME_POS 30f 0.0952969 26.4483 0.66735 
FRAME_POS 31f 0.0445137 26.306 0.66735 
FRAME_POS 32f 0.0 26.1804 0.66735 
KEY_ROT = 33
FRAME_ROT 0f 0.0 0.0 0.0 1.0
FRAME_ROT 1f 0.0 0.00572816 -0.000723243 0.999983
FRAME_ROT 2f 0.0 0.0120057 -0.00151583 0.999927
FRAME_ROT 3f 0.0 0.0187056 -0.00236177 0.999822
FRAME_ROT 4f 0.0 0.0257004 -0.00324492 0.999664
FRAME_ROT 5f 0.0 0.0328628 -0.00414926 0.999451
FRAME_ROT 6f 0.0 0.0400658 -0.00505871 0.999184
FRAME_ROT 7f 0.0 0.0471822 -0.00595722 0.998868
FRAME_ROT 8f 0.0 0.0540851 -0.00682878 0.998513
FRAME_ROT 9f 0.0 0.0606479 -0.0076574 0.99813
FRAME_ROT 10f 0.0 0.066744 -0.0084271 0.997734
FRAME_ROT 11f 0.0 0.0722473 -0.00912194 0.997345
FRAME_ROT 12f 0.0 0.0770319 -0.00972605 0.996981
FRAME_ROT 13f 0.0 0.0809721 -0.0102235 0.996664
FRAME_ROT 14f 0.0 0.0839422 -0.0105985 0.996414
FRAME_ROT 15f 0.0 0.0858165 -0.0108352 0.996252
FRAME_ROT 16f 0.0 0.0864692 -0.0109176 0.996195
FRAME_ROT 17f 0.0 0.0858165 -0.0108352 0.996252
FRAME_ROT 18f 0.0 0.0839421 -0.0105985 0.996414
FRAME_ROT 19f 0.0 0.080972 -0.0102235 0.996664
FRAME_ROT 20f 0.0 0.0770318 -0.00972605 0.996981
FRAME_ROT 21f 0.0 0.0722472 -0.00912195 0.997345
FRAME_ROT 22f 0.0 0.0667439 -0.0084271 0.997735
FRAME_ROT 23f 0.0 0.0606479 -0.00765741 0.99813
FRAME_ROT 24f 0.0 0.0540852 -0.0068288 0.998513
FRAME_ROT 25f 0.0 0.0471822 -0.00595723 0.998869
FRAME_ROT 26f 0.0 0.0400657 -0.00505872 0.999184
FRAME_ROT 27f 0.0 0.0328628 -0.00414926 0.999451
FRAME_ROT 28f 0.0 0.0257003 -0.00324493 0.999665
FRAME_ROT 29f 0.0 0.0187055 -0.00236177 0.999822
FRAME_ROT 30f 0.0 0.0120058 -0.00151585 0.999927
FRAME_ROT 31f 0.0 0.00572825 -0.000723261 0.999983
FRAME_ROT 32f 0.0 0.0 0.0 1.0
KEY_SCALE = 1
FRAME_SCALE 0f 1.0 1.0 1.0 
ANI_RANGE = 0f 32f
KEY_POS = 33
FRAME_POS 0f 3.27569 -26.0431 -0.286586 
FRAME_POS 1f 3.26372 -25.9235 -0.247599 
FRAME_POS 2f 3.32245 -26.3667 -0.209804 
FRAME_POS 3f 3.34025 -26.4878 -0.165665 
FRAME_POS 4f 3.35372 -26.5787 -0.118946 
FRAME_POS 5f 3.37422 -26.7303 -0.0708926 
FRAME_POS 6f 3.39659 -26.9021 -0.0219992 
FRAME_POS 7f 3.40752 -26.9889 0.0268624 
FRAME_POS 8f 3.40599 -26.9824 0.0743188 
FRAME_POS 9f 3.39438 -26.9006 0.119085 
FRAME_POS 10f 3.38141 -26.8114 0.160342 
FRAME_POS 11f 3.36194 -26.6728 0.196912 
FRAME_POS 12f 3.32745 -26.4153 0.227207 
FRAME_POS 13f 3.3261 -26.4198 0.253757 
FRAME_POS 14f 3.36789 -26.7645 0.277308 
FRAME_POS 15f 3.36525 -26.752 0.289941 
FRAME_POS 16f 3.31612 -26.3645 0.290123 
FRAME_POS 17f 3.26087 -25.9223 0.280948 
FRAME_POS 18f 3.3019 -26.2401 0.271875 
FRAME_POS 19f 3.33604 -26.4988 0.254516 
FRAME_POS 20f 3.34987 -26.5933 0.228739 
FRAME_POS 21f 3.37134 -26.7473 0.197462 
FRAME_POS 22f 3.39521 -26.9208 0.160996 
FRAME_POS 23f 3.40813 -27.0095 0.119567 
FRAME_POS 24f 3.40884 -27.005 0.0743811 
FRAME_POS 25f 3.39939 -26.9246 0.0267984 
FRAME_POS 26f 3.38811 -26.8349 -0.0219443 
FRAME_POS 27f 3.36973 -26.6947 -0.0707982 
FRAME_POS 28f 3.33563 -26.4353 -0.118304 
FRAME_POS 29f 3.33005 -26.4069 -0.165159 
FRAME_POS 30f 3.36598 -26.7122 -0.212554 
FRAME_POS 31f 3.37023 -26.7695 -0.255679 
FRAME_POS 32f 3.337 -26.5305 -0.291949 
KEY_ROT = 33
FRAME_ROT 0f 0.0 0.0 0.0 1.0
FRAME_ROT 1f 0.0 -0.00577369 0.0 0.999983
FRAME_ROT 2f 0.0 -0.012101 0.0 0.999927
FRAME_ROT 3f 0.0 -0.0188541 0.0 0.999822
FRAME_ROT 4f 0.0 -0.0259043 0.0 0.999664
FRAME_ROT 5f 0.0 -0.0331237 0.0 0.999451
FRAME_ROT 6f 0.0 -0.0403838 0.0 0.999184
FRAME_ROT 7f 0.0 -0.0475568 0.0 0.998868
FRAME_ROT 8f 0.0 -0.0545144 0.0 0.998513
FRAME_ROT 9f 0.0 -0.0611293 0.0 0.99813
FRAME_ROT 10f 0.0 -0.0672739 0.0 0.997734
FRAME_ROT 11f 0.0 -0.0728208 0.0 0.997345
FRAME_ROT 12f 0.0 -0.0776434 0.0 0.996981
FRAME_ROT 13f 0.0 -0.0816149 0.0 0.996664
FRAME_ROT 14f 0.0 -0.0846086 0.0 0.996414
FRAME_ROT 15f 0.0 -0.0864978 0.0 0.996252
FRAME_ROT 16f 0.0 -0.0871557 0.0 0.996195
FRAME_ROT 17f 0.0 -0.0864978 0.0 0.996252
FRAME_ROT 18f 0.0 -0.0846086 0.0 0.996414
FRAME_ROT 19f 0.0 -0.0816149 0.0 0.996664
FRAME_ROT 20f 0.0 -0.0776435 0.0 0.996981
FRAME_ROT 21f 0.0 -0.0728208 0.0 0.997345
FRAME_ROT 22f 0.0 -0.067274 0.0 0.997734
FRAME_ROT 23f 0.0 -0.0611294 0.0 0.99813
FRAME_ROT 24f 0.0 -0.0545145 0.0 0.998513
FRAME_ROT 25f 0.0 -0.0475569 0.0 0.998868
FRAME_ROT 26f 0.0 -0.0403839 0.0 0.999184
FRAME_ROT 27f 0.0 -0.0331238 0.0 0.999451
FRAME_ROT 28f 0.0 -0.0259043 0.0 0.999664
FRAME_ROT 29f 0.0 -0.0188541 0.0 0.999822
FRAME_ROT 30f 0.0 -0.0121011 0.0 0.999927
FRAME_ROT 31f 0.0 -0.00577381 0.0 0.999983
FRAME_ROT 32f 0.0 -1.3737e-007 0.0 1.0
KEY_SCALE = 1
FRAME_SCALE 0f 1.0 1.0 1.0 
ANI_RANGE = 0f 32f
KEY_POS = 1
FRAME_POS 0f 0.0 0.0 0.0 
KEY_ROT = 33
FRAME_ROT 0f 0.0 0.0 0.0 1.0
FRAME_ROT 1f 0.0 0.00577372 0.0 0.999983
FRAME_ROT 2f 0.0 0.0121011 0.0 0.999927
FRAME_ROT 3f 0.0 0.018854 0.0 0.999822
FRAME_ROT 4f 0.0 0.0259044 0.0 0.999664
FRAME_ROT 5f 0.0 0.0331238 0.0 0.999451
FRAME_ROT 6f 0.0 0.0403839 0.0 0.999184
FRAME_ROT 7f 0.0 0.0475567 0.0 0.998868
FRAME_ROT 8f 0.0 0.0545147 0.0 0.998513
FRAME_ROT 9f 0.0 0.0611295 0.0 0.99813
FRAME_ROT 10f 1.21898e-007 0.0672739 0.0 0.997734
FRAME_ROT 11f 0.0 0.0728211 0.0 0.997345
FRAME_ROT 12f 1.82248e-007 0.0776437 0.0 0.996981
FRAME_ROT 13f 1.55217e-007 0.0816151 0.0 0.996664
FRAME_ROT 14f 1.23261e-007 0.0846087 0.0 0.996414
FRAME_ROT 15f 1.5312e-007 0.0864979 0.0 0.996252
FRAME_ROT 16f 0.0 0.0871561 0.0 0.996195
FRAME_ROT 17f 1.38267e-007 0.0864979 0.0 0.996252
FRAME_ROT 18f 0.0 0.0846087 0.0 0.996414
FRAME_ROT 19f 0.0 0.081615 0.0 0.996664
FRAME_ROT 20f 0.0 0.0776435 1.41559e-007 0.996981
FRAME_ROT 21f 0.0 0.0728211 0.0 0.997345
FRAME_ROT 22f 0.0 0.0672739 0.0 0.997734
FRAME_ROT 23f 0.0 0.0611295 0.0 0.99813
FRAME_ROT 24f 0.0 0.0545147 0.0 0.998513
FRAME_ROT 25f 0.0 0.0475569 0.0 0.998869
FRAME_ROT 26f 0.0 0.0403842 1.43376e-007 0.999184
FRAME_ROT 27f 0.0 0.0331241 1.43555e-007 0.999451
FRAME_ROT 28f 0.0 0.0259047 0.0 0.999664
FRAME_ROT 29f 0.0 0.0188545 0.0 0.999822
FRAME_ROT 30f 0.0 0.0121016 0.0 0.999927
FRAME_ROT 31f 0.0 0.00577411 0.0 0.999983
FRAME_ROT 32f 0.0 4.81959e-007 0.0 1.0
KEY_SCALE = 1
FRAME_SCALE 0f 1.0 1.0 1.0 
ANI_RANGE = 0f 32f
KEY_POS = 24
FRAME_POS 0f 2.89685 0.000701427 -0.00202584 
FRAME_POS 2f 2.89684 0.000506461 -0.00208235 
FRAME_POS 3f 2.89684 0.000404447 -0.00210381 
FRAME_POS 4f 2.89683 0.00030002 -0.00212073 
FRAME_POS 5f 2.89682 0.000193581 -0.00213265 
FRAME_POS 6f 2.8968 8.55327e-005 -0.00213814 
FRAME_POS 7f 2.89677 -2.60472e-005 -0.00213766 
FRAME_POS 8f 2.89673 -0.000141144 -0.00212955 
FRAME_POS 9f 2.89668 -0.000254571 -0.00211406 
FRAME_POS 10f 2.89664 -0.000362456 -0.0020926 
FRAME_POS 12f 2.89661 -0.000544429 -0.00204802 
FRAME_POS 14f 2.89673 -0.00067389 -0.00202394 
FRAME_POS 16f 2.89685 -0.000693142 -0.00202608 
FRAME_POS 18f 2.89687 -0.000573277 -0.00206375 
FRAME_POS 20f 2.89684 -0.000379264 -0.00210714 
FRAME_POS 21f 2.89682 -0.000270933 -0.00212383 
FRAME_POS 22f 2.8968 -0.000164866 -0.00213313 
FRAME_POS 23f 2.89677 -5.76526e-005 -0.00213718 
FRAME_POS 24f 2.89673 5.59837e-005 -0.00213361 
FRAME_POS 25f 2.89668 0.000171736 -0.00212312 
FRAME_POS 26f 2.89665 0.000284612 -0.00210643 
FRAME_POS 27f 2.89662 0.000390589 -0.00208545 
FRAME_POS 29f 2.89664 0.00055933 -0.00205112 
FRAME_POS 31f 2.89678 0.000657082 -0.00203681 
KEY_ROT = 33
FRAME_ROT 0f 0.0 0.0 0.0 1.0
FRAME_ROT 1f -0.0235091 0.00213425 -0.00164536 0.99972
FRAME_ROT 2f -0.0474976 0.00387352 -0.00372856 0.998857
FRAME_ROT 3f -0.0718833 0.00558283 -0.00583488 0.99738
FRAME_ROT 4f -0.0965826 0.0076385 -0.00755856 0.995267
FRAME_ROT 5f -0.121511 0.0104289 -0.00850461 0.992499
FRAME_ROT 6f -0.146583 0.0143539 -0.00828958 0.98906
FRAME_ROT 7f -0.172347 0.0208751 -0.00654993 0.984794
FRAME_ROT 8f -0.198728 0.0299984 -0.00357458 0.979589
FRAME_ROT 9f -0.224723 0.0399332 7.34518e-005 0.973604
FRAME_ROT 10f -0.249366 0.0488745 0.00388336 0.967168
FRAME_ROT 11f -0.271733 0.0550102 0.00739151 0.960771
FRAME_ROT 12f -0.290942 0.0565267 0.0101697 0.955015
FRAME_ROT 13f -0.307486 0.0477991 0.0120395 0.950275
FRAME_ROT 14f -0.320491 0.0299297 0.0134491 0.946683
FRAME_ROT 15f -0.327138 0.0112212 0.0148116 0.944794
FRAME_ROT 16f -0.324789 -4.84171e-007 0.0164536 0.945644
FRAME_ROT 17f -0.31369 -0.0031926 0.0186048 0.949338
FRAME_ROT 18f -0.296813 -0.0037438 0.0210833 0.954696
FRAME_ROT 19f -0.275681 -0.0022245 0.0235997 0.960957
FRAME_ROT 20f -0.251839 0.000793639 0.0258748 0.967423
FRAME_ROT 21f -0.226881 0.00474162 0.0276327 0.973519
FRAME_ROT 22f -0.202445 0.00905609 0.0285953 0.978834
FRAME_ROT 23f -0.177689 0.0154004 0.0288533 0.983543
FRAME_ROT 24f -0.151324 0.0245693 0.0287121 0.987762
FRAME_ROT 25f -0.124365 0.0347022 0.0281811 0.991229
FRAME_ROT 26f -0.0978563 0.0439422 0.0272221 0.993857
FRAME_ROT 27f -0.0728603 0.0504415 0.0257441 0.995733
FRAME_ROT 28f -0.0504412 0.0523635 0.0236023 0.997074
FRAME_ROT 29f -0.0330488 0.0460482 0.0197102 0.998198
FRAME_ROT 30f -0.0206365 0.0321458 0.0137446 0.999176
FRAME_ROT 31f -0.0105153 0.0152681 0.00677286 0.999805
FRAME_ROT 32f 0.0 0.0 0.0 1.0
KEY_SCALE = 1
FRAME_SCALE 0f 1.0 1.0 1.0 
ANI_RANGE = 0f 32f
KEY_POS = 26
FRAME_POS 0f 2.69176 0.00023815 -0.00681376 
FRAME_POS 1f 2.69194 0.000222921 -0.00685644 
FRAME_POS 2f 2.69214 0.0002103 -0.00689673 
FRAME_POS 3f 2.69234 0.000198483 -0.00693083 
FRAME_POS 4f 2.69254 0.00018394 -0.00695825 
FRAME_POS 5f 2.69268 0.000162959 -0.00697613 
FRAME_POS 6f 2.6928 0.000133634 -0.00698829 
FRAME_POS 8f 2.69292 3.79086e-005 -0.00699925 
FRAME_POS 10f 2.69293 -8.21352e-005 -0.00699921 
FRAME_POS 12f 2.6928 -0.000183195 -0.00698686 
FRAME_POS 13f 2.69257 -0.000215784 -0.00696267 
FRAME_POS 14f 2.69222 -0.000235304 -0.00690961 
FRAME_POS 15f 2.6919 -0.000241488 -0.00684643 
FRAME_POS 16f 2.69176 -0.000238433 -0.00681353 
FRAME_POS 18f 2.69199 -0.000220716 -0.00686574 
FRAME_POS 19f 2.69221 -0.000207126 -0.00690937 
FRAME_POS 20f 2.69245 -0.000188947 -0.00694776 
FRAME_POS 21f 2.69266 -0.000164866 -0.00697374 
FRAME_POS 22f 2.6928 -0.000133932 -0.00698805 
FRAME_POS 24f 2.69293 -3.79682e-005 -0.00699961 
FRAME_POS 26f 2.69292 8.25524e-005 -0.00699945 
FRAME_POS 28f 2.69279 0.000182897 -0.00698739 
FRAME_POS 29f 2.69262 0.000211805 -0.00696844 
FRAME_POS 30f 2.69235 0.000225186 -0.00693178 
FRAME_POS 31f 2.69204 0.000231043 -0.0068773 
FRAME_POS 32f 2.69176 0.00023815 -0.00681376 
KEY_ROT = 33
FRAME_ROT 0f 0.0 0.0 0.0 1.0
FRAME_ROT 1f -0.000953467 -0.0134792 0.000771253 0.999908
FRAME_ROT 2f -0.00168124 -0.0280117 0.00161407 0.999605
FRAME_ROT 3f -0.00240871 -0.0425382 0.00245657 0.999089
FRAME_ROT 4f -0.00336127 -0.0560012 0.00322686 0.99842
FRAME_ROT 5f -0.00476411 -0.0673466 0.00385335 0.997711
FRAME_ROT 6f -0.00684203 -0.0755239 0.00426465 0.997111
FRAME_ROT 7f -0.0098723 -0.0808717 0.00451267 0.996665
FRAME_ROT 8f -0.0137308 -0.0843014 0.00466505 0.996335
FRAME_ROT 9f -0.0180398 -0.0856238 0.00467424 0.996153
FRAME_ROT 10f -0.0224217 -0.0846496 0.00449264 0.996148
FRAME_ROT 11f -0.0264986 -0.081189 0.00407263 0.996338
FRAME_ROT 12f -0.0298923 -0.0750513 0.00336659 0.996726
FRAME_ROT 13f -0.0325276 -0.0590919 0.00194561 0.99772
FRAME_ROT 14f -0.0344936 -0.0337619 -0.0002046 0.998834
FRAME_ROT 15f -0.0356796 -0.0103064 -0.00250765 0.999307
FRAME_ROT 16f -0.0360113 0.0 -0.00438611 0.999341
FRAME_ROT 17f -0.0357496 -0.00473285 -0.00585746 0.999332
FRAME_ROT 18f -0.0351643 -0.016787 -0.00728381 0.999214
FRAME_ROT 19f -0.0342088 -0.0330155 -0.00860474 0.998832
FRAME_ROT 20f -0.0328411 -0.0502696 -0.0097612 0.998147
FRAME_ROT 21f -0.0310269 -0.0654053 -0.0106961 0.997319
FRAME_ROT 22f -0.0287386 -0.0752907 -0.0113546 0.996682
FRAME_ROT 23f -0.0256707 -0.0806127 -0.011793 0.996345
FRAME_ROT 24f -0.0217878 -0.0840177 -0.0120673 0.996152
FRAME_ROT 25f -0.0174693 -0.08532 -0.0121233 0.996126
FRAME_ROT 26f -0.0130944 -0.0843338 -0.0119068 0.99628
FRAME_ROT 27f -0.00904215 -0.0808727 -0.0113633 0.996618
FRAME_ROT 28f -0.00569167 -0.0747496 -0.0104384 0.997131
FRAME_ROT 29f -0.0034529 -0.0623556 -0.00866032 0.99801
FRAME_ROT 30f -0.00212098 -0.0429803 -0.00595988 0.999055
FRAME_ROT 31f -0.00115157 -0.0207975 -0.00288848 0.999778
FRAME_ROT 32f 0.0 0.0 0.0 1.0
KEY_SCALE = 1
FRAME_SCALE 0f 1.0 1.0 1.0 
ANI_RANGE = 0f 32f
KEY_POS = 5
FRAME_POS 0f 10.5576 -0.000127554 0.255552 
FRAME_POS 6f 10.5576 -1.35899e-005 0.255556 
FRAME_POS 13f 10.5576 9.49055e-005 0.255552 
FRAME_POS 26f 10.5576 -1.94907e-005 0.255553 
FRAME_POS 32f 10.5576 -0.000127554 0.255552 
KEY_ROT = 33
FRAME_ROT 0f 0.0 0.0 0.0 1.0
FRAME_ROT 1f 0.00672968 -0.00260924 -0.000384808 0.999974
FRAME_ROT 2f 0.0134779 -0.00530257 -0.000784134 0.999895
FRAME_ROT 3f 0.0202301 -0.0080166 -0.00118706 0.999763
FRAME_ROT 4f 0.0269718 -0.0106881 -0.00158263 0.999578
FRAME_ROT 5f 0.0336886 -0.013254 -0.00195996 0.999343
FRAME_ROT 6f 0.0403659 -0.0156508 -0.00230811 0.99906
FRAME_ROT 7f 0.0469894 -0.0178157 -0.00261618 0.998733
FRAME_ROT 8f 0.0527733 -0.0162373 -0.00227731 0.998472
FRAME_ROT 9f 0.0577883 -0.0139705 -0.00106086 0.998231
FRAME_ROT 10f 0.0628647 -0.0115918 0.00023734 0.997955
FRAME_ROT 11f 0.0678036 -0.00919634 0.00159415 0.997655
FRAME_ROT 12f 0.0724067 -0.00687938 0.00298643 0.997347
FRAME_ROT 13f 0.0764757 -0.0047362 0.00439103 0.997051
FRAME_ROT 14f 0.0802963 -0.0023778 0.00595474 0.996751
FRAME_ROT 15f 0.0830055 -0.000326306 0.00759565 0.99652
FRAME_ROT 16f 0.0826839 -4.3497e-005 0.00894764 0.996536
FRAME_ROT 17f 0.0797022 -0.00148736 0.0100032 0.996768
FRAME_ROT 18f 0.0758613 -0.00351317 0.0110011 0.997052
FRAME_ROT 19f 0.0713862 -0.005928 0.0119444 0.99736
FRAME_ROT 20f 0.0665027 -0.00853895 0.0128365 0.997668
FRAME_ROT 21f 0.0614368 -0.0111531 0.0136807 0.997955
FRAME_ROT 22f 0.056415 -0.0135775 0.0144803 0.998211
FRAME_ROT 23f 0.0516643 -0.0156196 0.015239 0.998426
FRAME_ROT 24f 0.0464059 -0.0143424 0.0148706 0.998709
FRAME_ROT 25f 0.0407008 -0.0127759 0.0133608 0.999001
FRAME_ROT 26f 0.0349522 -0.0112018 0.0117571 0.999257
FRAME_ROT 27f 0.0291728 -0.00959564 0.0100688 0.999478
FRAME_ROT 28f 0.0233751 -0.00793268 0.00830512 0.999661
FRAME_ROT 29f 0.0175716 -0.0061883 0.00647565 0.999806
FRAME_ROT 30f 0.011739 -0.00424533 0.00445014 0.999913
FRAME_ROT 31f 0.0058696 -0.00212275 0.00222512 0.999978
FRAME_ROT 32f 0.0 0.0 0.0 1.0
KEY_SCALE = 1
FRAME_SCALE 0f 1.0 1.0 1.0 
ANI_RANGE = 0f 32f
KEY_POS = 1
FRAME_POS 0f 1.85431 0.0 -9.53674e-007 
KEY_ROT = 33
FRAME_ROT 0f 0.0 0.0 0.0 1.0
FRAME_ROT 1f 0.0061116 0.0116384 0.00271747 0.99991
FRAME_ROT 2f 0.0119167 0.0248816 0.00505453 0.999607
FRAME_ROT 3f 0.017706 0.0381863 0.00673115 0.999091
FRAME_ROT 4f 0.0237612 0.0500162 0.00753903 0.998437
FRAME_ROT 5f 0.0303608 0.0588482 0.0073429 0.997778
FRAME_ROT 6f 0.0377916 0.0631768 0.0060804 0.997268
FRAME_ROT 7f 0.0470938 0.0618855 0.00372143 0.996965
FRAME_ROT 8f 0.059314 0.0558733 0.00116253 0.996674
FRAME_ROT 9f 0.072988 0.0432651 -0.000507448 0.996394
FRAME_ROT 10f 0.085712 0.0283687 -0.00205715 0.995914
FRAME_ROT 11f 0.0966705 0.0138889 -0.00313154 0.995214
FRAME_ROT 12f 0.105086 0.0025361 -0.00329974 0.994454
FRAME_ROT 13f 0.111894 -0.00603896 -0.00144512 0.993701
FRAME_ROT 14f 0.115826 -0.00898755 0.00288434 0.993225
FRAME_ROT 15f 0.115599 -0.00531982 0.00767577 0.993252
FRAME_ROT 16f 0.112399 0.000799436 0.0095616 0.993617
FRAME_ROT 17f 0.106156 0.00934935 0.00784054 0.994274
FRAME_ROT 18f 0.0965565 0.0216278 0.00478595 0.995081
FRAME_ROT 19f 0.0846204 0.0354616 0.00166593 0.99578
FRAME_ROT 20f 0.0714181 0.048623 -0.00049422 0.99626
FRAME_ROT 21f 0.0580652 0.0588257 -0.00106314 0.996577
FRAME_ROT 22f 0.0456735 0.0637416 0.00015771 0.996921
FRAME_ROT 23f 0.032484 0.0626272 0.00310569 0.997503
FRAME_ROT 24f 0.0191974 0.0569344 0.00626554 0.998174
FRAME_ROT 25f 0.00915138 0.0447678 0.00821392 0.998922
FRAME_ROT 26f 0.00054765 0.0303775 0.0101956 0.999486
FRAME_ROT 27f -0.00600006 0.0163274 0.0117397 0.99978
FRAME_ROT 28f -0.00991955 0.00518166 0.0122472 0.999862
FRAME_ROT 29f -0.00929666 -0.00191041 0.0108798 0.999896
FRAME_ROT 30f -0.00591204 -0.00385671 0.00779801 0.999945
FRAME_ROT 31f -0.00246018 -0.00185619 0.00390319 0.999987
FRAME_ROT 32f 0.0 0.0 0.0 1.0
KEY_SCALE = 1
FRAME_SCALE 0f 1.0 1.0 1.0 
ANI_RANGE = 0f 32f
KEY_POS = 33
FRAME_POS 0f -1.60219 1.09187 -0.287539 
FRAME_POS 1f -1.60823 1.08132 -0.293628 
FRAME_POS 2f -1.61435 1.07057 -0.299317 
FRAME_POS 3f -1.62048 1.05971 -0.304774 
FRAME_POS 4f -1.62654 1.04879 -0.31018 
FRAME_POS 5f -1.63245 1.03789 -0.315708 
FRAME_POS 6f -1.63815 1.02706 -0.321551 
FRAME_POS 7f -1.64355 1.01636 -0.327893 
FRAME_POS 8f -1.64446 1.00921 -0.344884 
FRAME_POS 9f -1.64272 1.00573 -0.362844 
FRAME_POS 10f -1.64066 1.00223 -0.381285 
FRAME_POS 11f -1.63832 0.998918 -0.399483 
FRAME_POS 12f -1.63576 0.99605 -0.416733 
FRAME_POS 13f -1.63301 0.993896 -0.432333 
FRAME_POS 14f -1.62957 0.992485 -0.448187 
FRAME_POS 15f -1.62571 0.992984 -0.460876 
FRAME_POS 16f -1.62269 0.997513 -0.461753 
FRAME_POS 17f -1.62063 1.00546 -0.45166 
FRAME_POS 18f -1.61876 1.01452 -0.437918 
FRAME_POS 19f -1.61696 1.02431 -0.421567 
FRAME_POS 20f -1.6151 1.03441 -0.403668 
FRAME_POS 21f -1.61314 1.04448 -0.38529 
FRAME_POS 22f -1.61098 1.05418 -0.367518 
FRAME_POS 23f -1.60864 1.06323 -0.351449 
FRAME_POS 24f -1.60571 1.06991 -0.344537 
FRAME_POS 25f -1.60468 1.07382 -0.337132 
FRAME_POS 26f -1.60384 1.07743 -0.329577 
FRAME_POS 27f -1.60315 1.08074 -0.321992 
FRAME_POS 28f -1.6026 1.08378 -0.314488 
FRAME_POS 29f -1.60214 1.08655 -0.307176 
FRAME_POS 30f -1.60196 1.08874 -0.300354 
FRAME_POS 31f -1.60206 1.09035 -0.293956 
FRAME_POS 32f -1.60219 1.09187 -0.287539 
KEY_ROT = 33
FRAME_ROT 0f 0.0 0.0 0.0 1.0
FRAME_ROT 1f -0.0164351 0.00232343 0.00444901 0.999852
FRAME_ROT 2f -0.0328673 0.0047155 0.00897518 0.999408
FRAME_ROT 3f -0.0495522 0.00710887 0.0136235 0.998653
FRAME_ROT 4f -0.0664734 0.00944077 0.0183736 0.997574
FRAME_ROT 5f -0.0832076 0.0116568 0.0231024 0.996196
FRAME_ROT 6f -0.0993358 0.0137043 0.0276809 0.994575
FRAME_ROT 7f -0.114444 0.0155335 0.0319754 0.992794
FRAME_ROT 8f -0.128694 0.0137831 0.0348127 0.990977
FRAME_ROT 9f -0.142877 0.0115199 0.0366042 0.988996
FRAME_ROT 10f -0.157257 0.00918802 0.0383002 0.986772
FRAME_ROT 11f -0.17129 0.00688812 0.0398103 0.984392
FRAME_ROT 12f -0.184432 0.00471686 0.0410513 0.981976
FRAME_ROT 13f -0.196149 0.00276681 0.0419469 0.979673
FRAME_ROT 14f -0.206422 0.000683889 0.0422682 0.97755
FRAME_ROT 15f -0.214059 -0.00103081 0.0419435 0.975919
FRAME_ROT 16f -0.216763 -0.00101722 0.041158 0.975356
FRAME_ROT 17f -0.214177 0.000665976 0.0398379 0.975982
FRAME_ROT 18f -0.207982 0.00292564 0.0378574 0.977396
FRAME_ROT 19f -0.198936 0.0055662 0.0353267 0.97936
FRAME_ROT 20f -0.187797 0.00839418 0.0323595 0.981639
FRAME_ROT 21f -0.175328 0.0112165 0.0290786 0.984017
FRAME_ROT 22f -0.162296 0.0138394 0.0256199 0.986313
FRAME_ROT 23f -0.149472 0.0160692 0.0221333 0.988388
FRAME_ROT 24f -0.135398 0.0148341 0.0188497 0.990501
FRAME_ROT 25f -0.119352 0.0131355 0.0162223 0.992633
FRAME_ROT 26f -0.102308 0.0114443 0.0134866 0.994596
FRAME_ROT 27f -0.0846483 0.00974238 0.0107277 0.996306
FRAME_ROT 28f -0.066758 0.00800967 0.00802971 0.997705
FRAME_ROT 29f -0.049026 0.00622343 0.00547558 0.998763
FRAME_ROT 30f -0.0317772 0.00425174 0.00326382 0.999481
FRAME_ROT 31f -0.0156324 0.00210921 0.00154801 0.999875
FRAME_ROT 32f 0.0 0.0 0.0 1.0
KEY_SCALE = 1
FRAME_SCALE 0f 1.0 1.0 1.0 
ANI_RANGE = 0f 32f
KEY_POS = 1
FRAME_POS 0f 3.9374 3.8147e-006 -9.53674e-007 
KEY_ROT = 33
FRAME_ROT 0f 0.0 0.0 0.0 1.0
FRAME_ROT 1f 0.00960271 -0.00670205 -0.00719092 0.999906
FRAME_ROT 2f 0.0176107 -0.0133378 -0.0146809 0.999648
FRAME_ROT 3f 0.0199512 -0.0203657 -0.0223865 0.999343
FRAME_ROT 4f 0.0183459 -0.0276255 -0.0301415 0.998995
FRAME_ROT 5f 0.0126196 -0.0341414 -0.0374219 0.998636
FRAME_ROT 6f 0.00269886 -0.0390076 -0.0436226 0.998283
FRAME_ROT 7f -0.0111497 -0.0405793 -0.0482775 0.997947
FRAME_ROT 8f -0.0286677 -0.0406655 -0.0513292 0.997442
FRAME_ROT 9f -0.0494663 -0.0421322 -0.0525979 0.9965
FRAME_ROT 10f -0.0712376 -0.0450338 -0.0520343 0.995083
FRAME_ROT 11f -0.0917337 -0.0493875 -0.0501253 0.993294
FRAME_ROT 12f -0.10885 -0.0551947 -0.0478417 0.991371
FRAME_ROT 13f -0.12403 -0.061358 -0.0464641 0.989289
FRAME_ROT 14f -0.137656 -0.0676435 -0.0462203 0.987086
FRAME_ROT 15f -0.146051 -0.0752927 -0.0464278 0.985314
FRAME_ROT 16f -0.145432 -0.0853727 -0.0460812 0.9846
FRAME_ROT 17f -0.133494 -0.0950371 -0.0454849 0.985433
FRAME_ROT 18f -0.112932 -0.101194 -0.0452581 0.987399
FRAME_ROT 19f -0.0874399 -0.104461 -0.0447502 0.989666
FRAME_ROT 20f -0.0607221 -0.105405 -0.0433507 0.991626
FRAME_ROT 21f -0.0364767 -0.104523 -0.0407447 0.993018
FRAME_ROT 22f -0.0183453 -0.102232 -0.0370685 0.9939
FRAME_ROT 23f -0.00791074 -0.101453 -0.0328086 0.994267
FRAME_ROT 24f -0.00261315 -0.101815 -0.0282422 0.994399
FRAME_ROT 25f -0.000123824 -0.0998887 -0.0234995 0.994721
FRAME_ROT 26f 0.000811909 -0.0951409 -0.0189192 0.995283
FRAME_ROT 27f 0.00149896 -0.0870589 -0.0145537 0.996095
FRAME_ROT 28f 0.00322804 -0.0751386 -0.0101375 0.997116
FRAME_ROT 29f 0.00571183 -0.0576571 -0.00543558 0.998305
FRAME_ROT 30f 0.00756045 -0.036092 -0.000796775 0.999319
FRAME_ROT 31f 0.00512718 -0.0164604 0.000673597 0.999851
FRAME_ROT 32f 0.0 0.0 -1.48677e-007 1.0
KEY_SCALE = 1
FRAME_SCALE 0f 1.0 1.0 1.0 
ANI_RANGE = 0f 32f
KEY_POS = 1
FRAME_POS 0f 8.38393 1.90735e-006 9.53674e-007 
KEY_ROT = 33
FRAME_ROT 0f 0.0 0.0 0.0 1.0
FRAME_ROT 1f 0.0 -0.00691003 -1.21183e-007 0.999976
FRAME_ROT 2f 0.0 -0.013472 0.0 0.999909
FRAME_ROT 3f 0.0 -0.0189431 0.0 0.999821
FRAME_ROT 4f 0.0 -0.023789 0.0 0.999717
FRAME_ROT 5f 0.0 -0.0287798 0.0 0.999586
FRAME_ROT 6f 0.0 -0.0346853 0.0 0.999398
FRAME_ROT 7f 0.0 -0.0422748 0.0 0.999106
FRAME_ROT 8f 0.0 -0.0517569 0.0 0.99866
FRAME_ROT 9f 0.0 -0.062518 0.0 0.998044
FRAME_ROT 10f 0.0 -0.0740938 0.0 0.997251
FRAME_ROT 11f 0.0 -0.0860206 0.0 0.996293
FRAME_ROT 12f 0.0 -0.0978352 0.0 0.995202
FRAME_ROT 13f 0.0 -0.109077 0.0 0.994033
FRAME_ROT 14f 0.0 -0.119287 0.0 0.99286
FRAME_ROT 15f 0.0 -0.128011 0.0 0.991773
FRAME_ROT 16f 0.0 -0.134794 0.0 0.990874
FRAME_ROT 17f 0.0 -0.139795 0.0 0.99018
FRAME_ROT 18f 0.0 -0.143358 0.0 0.989671
FRAME_ROT 19f 0.0 -0.145304 0.0 0.989387
FRAME_ROT 20f 0.0 -0.145453 -1.22333e-007 0.989365
FRAME_ROT 21f 0.0 -0.143625 0.0 0.989632
FRAME_ROT 22f 0.0 -0.139637 0.0 0.990202
FRAME_ROT 23f 0.0 -0.133305 -1.93935e-007 0.991075
FRAME_ROT 24f 0.0 -0.123757 0.0 0.992312
FRAME_ROT 25f 0.0 -0.110854 0.0 0.993836
FRAME_ROT 26f 0.0 -0.0955127 0.0 0.995428
FRAME_ROT 27f 0.0 -0.078656 0.0 0.996902
FRAME_ROT 28f 0.0 -0.0612125 -1.30634e-007 0.998124
FRAME_ROT 29f 0.0 -0.044118 0.0 0.999026
FRAME_ROT 30f 0.0 -0.0283111 0.0 0.999599
FRAME_ROT 31f 0.0 -0.0139824 0.0 0.999902
FRAME_ROT 32f 0.0 0.0 0.0 1.0
KEY_SCALE = 1
FRAME_SCALE 0f 1.0 1.0 1.0 
ANI_RANGE = 0f 32f
KEY_POS = 1
FRAME_POS 0f 7.40536 0.0 1.90735e-006 
KEY_ROT = 33
FRAME_ROT 0f 0.0 0.0 0.0 1.0
FRAME_ROT 1f -0.0052645 0.0289947 -0.00560382 0.99955
FRAME_ROT 2f -0.00451248 0.0554335 -0.00502056 0.998439
FRAME_ROT 3f 0.00791651 0.079105 0.00709994 0.99681
FRAME_ROT 4f 0.0239593 0.103359 0.0224673 0.994102
FRAME_ROT 5f 0.0410516 0.125947 0.0391521 0.990414
FRAME_ROT 6f 0.0566345 0.144681 0.0552272 0.986311
FRAME_ROT 7f 0.0681716 0.157446 0.068782 0.982768
FRAME_ROT 8f 0.0765738 0.165888 0.0808185 0.97984
FRAME_ROT 9f 0.084382 0.173005 0.0933172 0.976853
FRAME_ROT 10f 0.0915279 0.178758 0.105851 0.973891
FRAME_ROT 11f 0.0979451 0.183115 0.117995 0.971058
FRAME_ROT 12f 0.10357 0.186049 0.129327 0.96847
FRAME_ROT 13f 0.108341 0.187534 0.139427 0.966258
FRAME_ROT 14f 0.112198 0.18755 0.147877 0.964556
FRAME_ROT 15f 0.115082 0.186078 0.154261 0.963501
FRAME_ROT 16f 0.116931 0.183095 0.15816 0.963218
FRAME_ROT 17f 0.117351 0.177098 0.158644 0.964208
FRAME_ROT 18f 0.116076 0.167292 0.155508 0.966622
FRAME_ROT 19f 0.113241 0.154716 0.149415 0.970008
FRAME_ROT 20f 0.108981 0.140411 0.141031 0.973919
FRAME_ROT 21f 0.10344 0.125426 0.131036 0.977956
FRAME_ROT 22f 0.0967722 0.110826 0.120122 0.981796
FRAME_ROT 23f 0.0891453 0.0976843 0.108996 0.985206
FRAME_ROT 24f 0.0797451 0.0855457 0.0966029 0.988428
FRAME_ROT 25f 0.0681433 0.0732997 0.0819545 0.991598
FRAME_ROT 26f 0.0551007 0.0610465 0.0658737 0.994434
FRAME_ROT 27f 0.0413875 0.0488921 0.0491937 0.996733
FRAME_ROT 28f 0.0277815 0.0369484 0.0327565 0.998394
FRAME_ROT 29f 0.0150645 0.0253309 0.0174081 0.999414
FRAME_ROT 30f 0.00401811 0.0141568 0.00399379 0.999884
FRAME_ROT 31f 2.35068e-005 0.00611946 -0.000545451 0.999981
FRAME_ROT 32f 0.0 1.43207e-007 0.0 1.0
KEY_SCALE = 1
FRAME_SCALE 0f 1.0 1.0 1.0 
ANI_RANGE = 0f 32f
KEY_POS = 1
FRAME_POS 0f 0.490465 -1.54459 1.23858 
KEY_ROT = 33
FRAME_ROT 0f 0.0 0.0 0.0 1.0
FRAME_ROT 1f 0.00844504 0.00544333 -0.00281957 0.999946
FRAME_ROT 2f 0.0165868 0.0108648 -0.00545548 0.999788
FRAME_ROT 3f 0.0244084 0.0161444 -0.00813572 0.999539
FRAME_ROT 4f 0.0323141 0.0213105 -0.0111058 0.999189
FRAME_ROT 5f 0.0400285 0.0265202 -0.0138413 0.998751
FRAME_ROT 6f 0.0472764 0.0319309 -0.015819 0.998246
FRAME_ROT 7f 0.053783 0.0377 -0.0165156 0.997704
FRAME_ROT 8f 0.059999 0.0442146 -0.015985 0.997091
FRAME_ROT 9f 0.0664262 0.0515184 -0.0147632 0.996351
FRAME_ROT 10f 0.072869 0.0592528 -0.0130511 0.995494
FRAME_ROT 11f 0.0791334 0.0670601 -0.0110501 0.994544
FRAME_ROT 12f 0.0850255 0.0745833 -0.00896224 0.993543
FRAME_ROT 13f 0.0903544 0.081467 -0.00698921 0.992547
FRAME_ROT 14f 0.0949297 0.0873569 -0.00533315 0.991629
FRAME_ROT 15f 0.0985619 0.0918999 -0.00419619 0.99087
FRAME_ROT 16f 0.101063 0.0947436 -0.00378037 0.990351
FRAME_ROT 17f 0.102233 0.0953619 -0.00450268 0.990169
FRAME_ROT 18f 0.102056 0.0937589 -0.00634742 0.99033
FRAME_ROT 19f 0.100616 0.0903766 -0.00886618 0.990772
FRAME_ROT 20f 0.0979987 0.0856564 -0.0116112 0.991426
FRAME_ROT 21f 0.0942877 0.0800399 -0.0141344 0.992222
FRAME_ROT 22f 0.0895698 0.0739699 -0.0159879 0.993101
FRAME_ROT 23f 0.0839316 0.0678902 -0.016724 0.994016
FRAME_ROT 24f 0.0768523 0.0613319 -0.0162766 0.995022
FRAME_ROT 25f 0.0680758 0.0537409 -0.0150202 0.996119
FRAME_ROT 26f 0.0580906 0.0454351 -0.013169 0.99719
FRAME_ROT 27f 0.0473872 0.0367344 -0.0109385 0.998141
FRAME_ROT 28f 0.0364589 0.0279605 -0.00854489 0.998908
FRAME_ROT 29f 0.025801 0.0194361 -0.00620468 0.999459
FRAME_ROT 30f 0.0159097 0.011485 -0.00413511 0.999799
FRAME_ROT 31f 0.00760779 0.00528892 -0.002119 0.999955
FRAME_ROT 32f -3.01351e-007 0.0 0.0 1.0
KEY_SCALE = 1
FRAME_SCALE 0f 1.0 1.0 1.0 
ANI_RANGE = 0f 32f
KEY_POS = 1
FRAME_POS 0f 1.49139 -9.53674e-007 -9.53674e-007 
KEY_ROT = 33
FRAME_ROT 0f 0.0 0.0 0.0 1.0
FRAME_ROT 1f 0.0 0.00469406 0.0 0.999989
FRAME_ROT 2f 0.0 0.00900635 0.0 0.999959
FRAME_ROT 3f 0.0 0.0132887 0.0 0.999912
FRAME_ROT 4f 0.0 0.0180521 0.0 0.999837
FRAME_ROT 5f 0.0 0.0223914 0.0 0.999749
FRAME_ROT 6f 0.0 0.0254012 0.0 0.999677
FRAME_ROT 7f 0.0 0.0261769 0.0 0.999657
FRAME_ROT 8f 1.45271e-007 0.0251086 0.0 0.999685
FRAME_ROT 9f 0.0 0.0232769 0.0 0.999729
FRAME_ROT 10f 0.0 0.0208116 0.0 0.999783
FRAME_ROT 11f 0.0 0.0178427 0.0 0.999841
FRAME_ROT 12f 0.0 0.0145005 0.0 0.999895
FRAME_ROT 13f 0.0 0.0109149 0.0 0.99994
FRAME_ROT 14f 0.0 0.00721615 0.0 0.999974
FRAME_ROT 15f 0.0 0.00353449 0.0 0.999994
FRAME_ROT 16f 0.0 0.0 0.0 1.0
FRAME_ROT 17f 0.0 -0.00402779 0.0 0.999992
FRAME_ROT 18f 0.0 -0.00893151 0.0 0.99996
FRAME_ROT 19f 0.0 -0.0141941 0.0 0.999899
FRAME_ROT 20f 0.0 -0.0192985 0.0 0.999814
FRAME_ROT 21f 1.30831e-007 -0.0237279 0.0 0.999718
FRAME_ROT 22f 0.0 -0.0269658 0.0 0.999636
FRAME_ROT 23f 0.0 -0.0284955 0.0 0.999594
FRAME_ROT 24f 0.0 -0.0280654 0.0 0.999606
FRAME_ROT 25f 0.0 -0.026051 0.0 0.999661
FRAME_ROT 26f 0.0 -0.022876 0.0 0.999738
FRAME_ROT 27f 0.0 -0.0189645 0.0 0.99982
FRAME_ROT 28f 0.0 -0.0147406 0.0 0.999891
FRAME_ROT 29f 0.0 -0.0106284 0.0 0.999943
FRAME_ROT 30f 0.0 -0.00705235 0.0 0.999975
FRAME_ROT 31f 0.0 -0.00361613 0.0 0.999993
FRAME_ROT 32f 0.0 0.0 0.0 1.0
KEY_SCALE = 1
FRAME_SCALE 0f 1.0 1.0 1.0 
ANI_RANGE = 0f 32f
KEY_POS = 1
FRAME_POS 0f 1.47811 9.53674e-007 -4.76837e-007 
KEY_ROT = 33
FRAME_ROT 0f 0.0 0.0 0.0 1.0
FRAME_ROT 1f 0.0 0.0156463 0.0 0.999878
FRAME_ROT 2f 0.0 0.0300173 0.0 0.999549
FRAME_ROT 3f 0.0 0.0442825 0.0 0.999019
FRAME_ROT 4f 0.0 0.0601409 0.0 0.99819
FRAME_ROT 5f 0.0 0.0745749 0.0 0.997215
FRAME_ROT 6f 0.0 0.084579 0.0 0.996417
FRAME_ROT 7f 0.0 0.0871557 0.0 0.996195
FRAME_ROT 8f 0.0 0.0832311 0.0 0.99653
FRAME_ROT 9f 0.0 0.076203 0.0 0.997092
FRAME_ROT 10f 0.0 0.066782 0.0 0.997768
FRAME_ROT 11f 0.0 0.0556794 0.0 0.998449
FRAME_ROT 12f 0.0 0.0436093 0.0 0.999049
FRAME_ROT 13f 0.0 0.0312881 0.0 0.99951
FRAME_ROT 14f 0.0 0.0194337 0.0 0.999811
FRAME_ROT 15f 0.0 0.0087649 0.0 0.999962
FRAME_ROT 16f 0.0 0.0 0.0 1.0
FRAME_ROT 17f 0.0 -0.00737626 0.0 0.999973
FRAME_ROT 18f 0.0 -0.0142293 0.0 0.999899
FRAME_ROT 19f 0.0 -0.0203664 0.0 0.999793
FRAME_ROT 20f 0.0 -0.0255948 0.0 0.999672
FRAME_ROT 21f 0.0 -0.0297222 0.0 0.999558
FRAME_ROT 22f 0.0 -0.0325562 0.0 0.99947
FRAME_ROT 23f 0.0 -0.0339047 0.0 0.999425
FRAME_ROT 24f 0.0 -0.0333063 0.0 0.999445
FRAME_ROT 25f 0.0 -0.0307784 0.0 0.999526
FRAME_ROT 26f 0.0 -0.0268462 0.0 0.99964
FRAME_ROT 27f 0.0 -0.0220352 0.0 0.999757
FRAME_ROT 28f 0.0 -0.0168708 0.0 0.999858
FRAME_ROT 29f 0.0 -0.0118794 0.0 0.99993
FRAME_ROT 30f 0.0 -0.00758676 0.0 0.999971
FRAME_ROT 31f 0.0 -0.00379981 0.0 0.999993
FRAME_ROT 32f 0.0 0.0 0.0 1.0
KEY_SCALE = 1
FRAME_SCALE 0f 1.0 1.0 1.0 
ANI_RANGE = 0f 32f
KEY_POS = 1
FRAME_POS 0f 3.57179 -1.72746 0.0400047 
KEY_ROT = 33
FRAME_ROT 0f 0.0 0.0 0.0 1.0
FRAME_ROT 1f 0.00765723 -0.00324435 -0.0122895 0.99989
FRAME_ROT 2f 0.0147589 -0.00611391 -0.0229027 0.99961
FRAME_ROT 3f 0.0213139 -0.00871075 -0.0320396 0.999221
FRAME_ROT 4f 0.0280634 -0.0115356 -0.0419418 0.998659
FRAME_ROT 5f 0.0344451 -0.0140648 -0.0506506 0.998023
FRAME_ROT 6f 0.0398988 -0.0157762 -0.0562119 0.997496
FRAME_ROT 7f 0.0438661 -0.0161481 -0.0566747 0.997298
FRAME_ROT 8f 0.0468759 -0.0154599 -0.0525928 0.997395
FRAME_ROT 9f 0.049757 -0.0143698 -0.0461992 0.997589
FRAME_ROT 10f 0.0523991 -0.0129251 -0.038062 0.997817
FRAME_ROT 11f 0.0546924 -0.0111732 -0.0287501 0.998027
FRAME_ROT 12f 0.0565281 -0.00916207 -0.0188333 0.998181
FRAME_ROT 13f 0.0577994 -0.00693985 -0.00888276 0.998265
FRAME_ROT 14f 0.0584008 -0.00455517 0.000530207 0.998283
FRAME_ROT 15f 0.0582282 -0.00205692 0.00883419 0.998262
FRAME_ROT 16f 0.0571791 0.000505896 0.0154582 0.998244
FRAME_ROT 17f 0.0544658 0.00371406 0.0206075 0.998296
FRAME_ROT 18f 0.0497961 0.00785028 0.0248663 0.998419
FRAME_ROT 19f 0.0438128 0.012418 0.028233 0.998564
FRAME_ROT 20f 0.037159 0.0169213 0.0307067 0.998694
FRAME_ROT 21f 0.0304794 0.020864 0.0322877 0.998796
FRAME_ROT 22f 0.0244199 0.0237508 0.0329772 0.998875
FRAME_ROT 23f 0.019626 0.0250872 0.0327773 0.998955
FRAME_ROT 24f 0.0160161 0.0246661 0.031293 0.999077
FRAME_ROT 25f 0.0129893 0.0228587 0.0283911 0.999251
FRAME_ROT 26f 0.0104136 0.0200371 0.024467 0.999445
FRAME_ROT 27f 0.00815617 0.0165739 0.0199161 0.999631
FRAME_ROT 28f 0.00608451 0.0128416 0.0151343 0.999784
FRAME_ROT 29f 0.00406622 0.00921322 0.0105174 0.999894
FRAME_ROT 30f 0.00196871 0.00606192 0.00646173 0.999959
FRAME_ROT 31f 0.000685143 0.00309154 0.00312784 0.99999
FRAME_ROT 32f 0.0 0.0 0.0 1.0
KEY_SCALE = 1
FRAME_SCALE 0f 1.0 1.0 1.0 
ANI_RANGE = 0f 32f
KEY_POS = 1
FRAME_POS 0f 1.39248 0.0 1.90735e-006 
KEY_ROT = 33
FRAME_ROT 0f 0.0 0.0 0.0 1.0
FRAME_ROT 1f 0.0 0.00748831 0.0 0.999972
FRAME_ROT 2f 0.0 0.0143673 0.0 0.999897
FRAME_ROT 3f 0.0 0.021198 0.0 0.999775
FRAME_ROT 4f 0.0 0.0287955 0.0 0.999585
FRAME_ROT 5f 0.0 0.0357154 0.0 0.999362
FRAME_ROT 6f 0.0 0.040515 0.0 0.999179
FRAME_ROT 7f 0.0 0.0417517 0.0 0.999128
FRAME_ROT 8f 0.0 0.0395755 0.0 0.999216
FRAME_ROT 9f 0.0 0.0354722 0.0 0.999371
FRAME_ROT 10f 0.0 0.0300031 0.0 0.99955
FRAME_ROT 11f 0.0 0.0237304 0.0 0.999718
FRAME_ROT 12f 0.0 0.0172162 0.0 0.999852
FRAME_ROT 13f 0.0 0.0110231 0.0 0.999939
FRAME_ROT 14f 0.0 0.00571405 0.0 0.999984
FRAME_ROT 15f 0.0 0.00185226 0.0 0.999998
FRAME_ROT 16f 0.0 0.0 0.0 1.0
FRAME_ROT 17f 0.0 0.00116755 0.0 0.999999
FRAME_ROT 18f 0.0 0.00525886 0.0 0.999986
FRAME_ROT 19f 0.0 0.0111776 0.0 0.999938
FRAME_ROT 20f 0.0 0.0178274 0.0 0.999841
FRAME_ROT 21f 0.0 0.0241117 0.0 0.999709
FRAME_ROT 22f 0.0 0.0289348 0.0 0.999581
FRAME_ROT 23f 0.0 0.0312014 0.0 0.999513
FRAME_ROT 24f 0.0 0.0308396 0.0 0.999524
FRAME_ROT 25f 0.0 0.0287987 0.0 0.999585
FRAME_ROT 26f 0.0 0.0255166 0.0 0.999674
FRAME_ROT 27f 0.0 0.021431 0.0 0.99977
FRAME_ROT 28f 0.0 0.0169796 0.0 0.999856
FRAME_ROT 29f 0.0 0.0126006 0.0 0.999921
FRAME_ROT 30f 0.0 0.00873208 0.0 0.999962
FRAME_ROT 31f 0.0 0.00459075 0.0 0.99999
FRAME_ROT 32f 0.0 0.0 0.0 1.0
KEY_SCALE = 1
FRAME_SCALE 0f 1.0 1.0 1.0 
ANI_RANGE = 0f 32f
KEY_POS = 1
FRAME_POS 0f 1.18206 -9.53674e-007 -4.76837e-007 
KEY_ROT = 33
FRAME_ROT 0f 0.0 0.0 0.0 1.0
FRAME_ROT 1f 0.0 0.00748815 0.0 0.999972
FRAME_ROT 2f 0.0 0.0143672 0.0 0.999897
FRAME_ROT 3f 0.0 0.021198 0.0 0.999775
FRAME_ROT 4f 0.0 0.0287956 0.0 0.999585
FRAME_ROT 5f 0.0 0.0357156 0.0 0.999362
FRAME_ROT 6f 0.0 0.0405149 0.0 0.999179
FRAME_ROT 7f 0.0 0.0417518 0.0 0.999128
FRAME_ROT 8f 0.0 0.0395756 0.0 0.999216
FRAME_ROT 9f 0.0 0.0354723 0.0 0.999371
FRAME_ROT 10f 0.0 0.0300032 0.0 0.99955
FRAME_ROT 11f 0.0 0.0237304 0.0 0.999718
FRAME_ROT 12f 0.0 0.0172161 0.0 0.999852
FRAME_ROT 13f 0.0 0.011023 0.0 0.999939
FRAME_ROT 14f 0.0 0.0057142 0.0 0.999984
FRAME_ROT 15f 0.0 0.00185229 0.0 0.999998
FRAME_ROT 16f 0.0 0.0 0.0 1.0
FRAME_ROT 17f 0.0 0.00116743 0.0 0.999999
FRAME_ROT 18f 0.0 0.00525883 0.0 0.999986
FRAME_ROT 19f 0.0 0.0111777 0.0 0.999938
FRAME_ROT 20f 0.0 0.0178273 0.0 0.999841
FRAME_ROT 21f 0.0 0.0241117 0.0 0.999709
FRAME_ROT 22f 0.0 0.0289349 0.0 0.999581
FRAME_ROT 23f 0.0 0.0312015 0.0 0.999513
FRAME_ROT 24f 0.0 0.0308395 0.0 0.999524
FRAME_ROT 25f 0.0 0.0287988 0.0 0.999585
FRAME_ROT 26f 0.0 0.0255168 0.0 0.999674
FRAME_ROT 27f 0.0 0.0214312 0.0 0.99977
FRAME_ROT 28f 0.0 0.0169798 0.0 0.999856
FRAME_ROT 29f 0.0 0.0126008 0.0 0.999921
FRAME_ROT 30f 0.0 0.00873217 0.0 0.999962
FRAME_ROT 31f 0.0 0.00459082 0.0 0.99999
FRAME_ROT 32f 0.0 0.0 0.0 1.0
KEY_SCALE = 1
FRAME_SCALE 0f 1.0 1.0 1.0 
ANI_RANGE = 0f 32f
KEY_POS = 1
FRAME_POS 0f 3.63923 0.384566 -0.0106707 
KEY_ROT = 33
FRAME_ROT 0f 0.0 0.0 0.0 1.0
FRAME_ROT 1f 0.00471419 -0.0010051 -0.00722905 0.999962
FRAME_ROT 2f 0.00919028 -0.00191526 -0.0133878 0.999866
FRAME_ROT 3f 0.0133859 -0.00278167 -0.0184622 0.999736
FRAME_ROT 4f 0.0176195 -0.00373125 -0.0238856 0.999552
FRAME_ROT 5f 0.021719 -0.00459355 -0.0286197 0.999344
FRAME_ROT 6f 0.0255127 -0.00519814 -0.0316269 0.99916
FRAME_ROT 7f 0.0288293 -0.00537466 -0.0318702 0.999062
FRAME_ROT 8f 0.0321023 -0.00521363 -0.0300707 0.999018
FRAME_ROT 9f 0.0357256 -0.00492815 -0.0276385 0.998967
FRAME_ROT 10f 0.0394673 -0.00453183 -0.0245697 0.998908
FRAME_ROT 11f 0.0430962 -0.00403833 -0.0208609 0.998845
FRAME_ROT 12f 0.0463805 -0.00346137 -0.0165082 0.998781
FRAME_ROT 13f 0.0490892 -0.00281465 -0.0115085 0.998724
FRAME_ROT 14f 0.0509912 -0.00211187 -0.00585856 0.998679
FRAME_ROT 15f 0.0518551 -0.00136685 0.000444745 0.998653
FRAME_ROT 16f 0.0514498 -0.000593291 0.00740411 0.998648
FRAME_ROT 17f 0.0488409 0.000387932 0.0169259 0.998663
FRAME_ROT 18f 0.0437919 0.00166389 0.0297807 0.998595
FRAME_ROT 19f 0.0371235 0.00308236 0.0442668 0.998325
FRAME_ROT 20f 0.0296622 0.00449135 0.0586836 0.997826
FRAME_ROT 21f 0.0222403 0.00573905 0.0713361 0.997188
FRAME_ROT 22f 0.0156937 0.00667437 0.0805375 0.996606
FRAME_ROT 23f 0.0108589 0.00714702 0.0846084 0.996329
FRAME_ROT 24f 0.00767182 0.00710485 0.0829214 0.996501
FRAME_ROT 25f 0.00536965 0.00666459 0.0767638 0.997012
FRAME_ROT 26f 0.00374173 0.00592883 0.0673288 0.997706
FRAME_ROT 27f 0.00257624 0.00500019 0.0558102 0.998425
FRAME_ROT 28f 0.00166131 0.00398169 0.0434056 0.999048
FRAME_ROT 29f 0.000785072 0.00297665 0.0313162 0.999505
FRAME_ROT 30f -0.000264757 0.00208863 0.0207451 0.999782
FRAME_ROT 31f -0.000467324 0.00110663 0.0106133 0.999943
FRAME_ROT 32f 0.0 0.0 0.0 1.0
KEY_SCALE = 1
FRAME_SCALE 0f 1.0 1.0 1.0 
ANI_RANGE = 0f 32f
KEY_POS = 1
FRAME_POS 0f 1.41135 0.0 0.0 
KEY_ROT = 26
FRAME_ROT 0f 0.0 0.0 0.0 1.0
FRAME_ROT 8f 0.0 -0.000269353 0.0 1.0
FRAME_ROT 9f 0.0 -0.000942647 0.0 1.0
FRAME_ROT 10f 0.0 -0.00181803 0.0 0.999998
FRAME_ROT 11f 0.0 -0.00269332 0.0 0.999996
FRAME_ROT 12f 0.0 -0.00336667 0.0 0.999994
FRAME_ROT 13f 0.0 -0.00363605 0.0 0.999993
FRAME_ROT 14f 0.0 -0.00329935 0.0 0.999995
FRAME_ROT 15f 0.0 -0.00215468 0.0 0.999998
FRAME_ROT 16f 0.0 0.0 0.0 1.0
FRAME_ROT 17f 0.0 0.00432104 0.0 0.999991
FRAME_ROT 18f 0.0 0.0111013 0.0 0.999938
FRAME_ROT 19f 0.0 0.0192469 0.0 0.999815
FRAME_ROT 20f 0.0 0.0276641 0.0 0.999617
FRAME_ROT 21f 0.0 0.0352598 0.0 0.999378
FRAME_ROT 22f 0.0 0.0409418 0.0 0.999161
FRAME_ROT 23f 0.0 0.0436194 0.0 0.999048
FRAME_ROT 24f 0.0 0.0430233 0.0 0.999074
FRAME_ROT 25f 0.0 0.0400343 0.0 0.999198
FRAME_ROT 26f 0.0 0.0352859 0.0 0.999377
FRAME_ROT 27f 0.0 0.0294114 0.0 0.999567
FRAME_ROT 28f 0.0 0.0230445 0.0 0.999734
FRAME_ROT 29f 0.0 0.0168197 0.0 0.999858
FRAME_ROT 30f 0.0 0.0113718 0.0 0.999935
FRAME_ROT 31f 0.0 0.00589551 0.0 0.999983
FRAME_ROT 32f 0.0 0.0 0.0 1.0
KEY_SCALE = 1
FRAME_SCALE 0f 1.0 1.0 1.0 
ANI_RANGE = 0f 32f
KEY_POS = 1
FRAME_POS 0f 0.842083 0.0 1.43051e-006 
KEY_ROT = 33
FRAME_ROT 0f 0.0 0.0 0.0 1.0
FRAME_ROT 1f 0.0 0.0250324 0.0 0.999687
FRAME_ROT 2f 0.0 0.0480161 0.0 0.998847
FRAME_ROT 3f 0.0 0.0708156 0.0 0.997489
FRAME_ROT 4f 0.0 0.0961347 0.0 0.995368
FRAME_ROT 5f 0.0 0.119147 0.0 0.992877
FRAME_ROT 6f 0.0 0.135074 0.0 0.990836
FRAME_ROT 7f 0.0 0.139173 0.0 0.990268
FRAME_ROT 8f 0.0 0.132406 0.0 0.991196
FRAME_ROT 9f 0.0 0.119906 0.0 0.992785
FRAME_ROT 10f 0.0 0.103183 0.0 0.994663
FRAME_ROT 11f 0.0 0.0837557 0.0 0.996486
FRAME_ROT 12f 0.0 0.0631561 0.0 0.998004
FRAME_ROT 13f 0.0 0.0429291 0.0 0.999078
FRAME_ROT 14f 0.0 0.0246265 0.0 0.999697
FRAME_ROT 15f 0.0 0.00980047 0.0 0.999952
FRAME_ROT 16f 0.0 0.0 0.0 1.0
FRAME_ROT 17f 0.0 -0.00333293 0.0 0.999995
FRAME_ROT 18f 0.0 -0.00100905 0.0 1.0
FRAME_ROT 19f 0.0 0.00513747 0.0 0.999987
FRAME_ROT 20f 0.0 0.0132719 0.0 0.999912
FRAME_ROT 21f 0.0 0.0215593 0.0 0.999768
FRAME_ROT 22f 0.0 0.0281656 0.0 0.999604
FRAME_ROT 23f 0.0 0.031258 0.0 0.999512
FRAME_ROT 24f 0.0 0.0310466 0.0 0.999518
FRAME_ROT 25f 0.0 0.029231 0.0 0.999573
FRAME_ROT 26f 0.0 0.0262127 0.0 0.999657
FRAME_ROT 27f 0.0 0.0223936 0.0 0.99975
FRAME_ROT 28f 0.0 0.0181755 0.0 0.999835
FRAME_ROT 29f 0.0 0.0139602 0.0 0.999903
FRAME_ROT 30f 0.0 0.0101502 0.0 0.999949
FRAME_ROT 31f 0.0 0.00547539 0.0 0.999985
FRAME_ROT 32f 0.0 -1.33645e-007 0.0 1.0
KEY_SCALE = 1
FRAME_SCALE 0f 1.0 1.0 1.0 
ANI_RANGE = 0f 32f
KEY_POS = 33
FRAME_POS 0f -1.61453 -1.0065 -0.470733 
FRAME_POS 1f -1.61254 -1.01928 -0.449674 
FRAME_POS 2f -1.6104 -1.03187 -0.428169 
FRAME_POS 3f -1.6081 -1.04419 -0.406439 
FRAME_POS 4f -1.60564 -1.05618 -0.384711 
